Waypoints for Drone0:
40.59630650855507 22.94898251186113
40.59630654013191 22.94637318721107
40.596459538787855 22.94637318742268
40.5964594793707 22.94998610667831
40.59661247801954 22.949986115094053
40.596612536415584 22.94677462401927
40.596765535057955 22.94677462514245
40.5967654766616 22.94998612350984
40.596918475296874 22.949986131925662
40.59691852746524 22.947577502681728
40.59707152609402 22.94757750562809
40.597071473925375 22.949986140341522
40.597224472547076 22.94998614875742
40.597224512907 22.948380388636377
40.59737751152212 22.948380393405948
40.59737749413239 22.94918327529022
40.59768349134208 22.949183288475822
40.59768348612261 22.949384009858324
40.597377488912976 22.94938399576113
40.59737746454741 22.95018687764393
40.59630647410075 22.950186815542644
40.59630650855507 22.94898251186113

Waypoints for Drone1:
40.598142513876084 22.94777824900333
40.59814252321893 22.946573912500885
40.59798952463768 22.946573911833458
40.59798949339531 22.94898257936736
40.597836494807424 22.94898257323029
40.59783652604964 22.946573911166038
40.5976835274548 22.946573910498618
40.59768349621275 22.948982567093253
40.597530497611274 22.94898256095624
40.59753052885315 22.9465739098312
40.59737753024471 22.946573909163792
40.597377514997575 22.94817967293474
40.597224516382425 22.948179668620963
40.597224531629486 22.946573908496383
40.597071533007465 22.946573907828977
40.59707152817428 22.94737678606831
40.59691852954549 22.947376783577734
40.59691853437865 22.946573907161575
40.59661253710069 22.946573905826778
40.59661253743701 22.946373187634286
40.598295522129725 22.946373189962035
40.59829551869154 22.947176082787056
40.59860151581997 22.947176086856782
40.59860150367406 22.948179707445643
40.5984485051133 22.94817970313171
40.5984485155276 22.94737680848394
40.59829551695999 22.94737680599327
40.598295499245815 22.948581145229806
40.5981425006715 22.948581140004297
40.598142513876084 22.94777824900333

Waypoints for Drone2:
40.59906050522033 22.947778269417217
40.59906051489983 22.946373191020147
40.59921351343341 22.946373191231768
40.59921344739553 22.950186984107866
40.59814245751987 22.950186922003194
40.598142481886086 22.949384031004357
40.597836484717234 22.949384016906965
40.59783648993673 22.949183295068664
40.59814248710564 22.949183308254444
40.59814249649835 22.94878186275441
40.59829549507265 22.948781868435724
40.59829546270875 22.949986207669784
40.59844846127608 22.94998621608599
40.59844850163772 22.94838042679355
40.598601500198455 22.948380431563294
40.598601459836594 22.949986224502233
40.598754458390296 22.949986232918512
40.59875451575675 22.946975364317996
40.59844851864192 22.946975361159872
40.59844852069736 22.946373190173656
40.598601519258196 22.946373190385273
40.59860151823669 22.946774638621054
40.59875451679073 22.94677463974431
40.59875451781222 22.946373190596898
40.59890751635943 22.946373190808522
40.59890745693719 22.949986241334834
40.599060455477264 22.949986249751188
40.59906050522033 22.947778269417217

